Theta | Inequality 38 value

0	0.999999857422
0.0402768288922	0.980247083539
0.0805536577844	0.961385531755
0.120830486677	0.943375726502
0.161107315569	0.926251944946
0.201384144461	0.910051056168
0.241660973353	0.894871210525
0.281937802245	0.880636626632
0.322214631137	0.86737625075
0.36249146003	0.855164927502
0.402768288922	0.843999137484
0.443045117814	0.83391834087
0.483321946706	0.824908653848
0.523598775598	0.816984206533
0.56387560449	0.810172377163
0.604152433383	0.804480224207
0.644429262275	0.799900944737
0.684706091167	0.796458892487
0.724982920059	0.794183384567
0.765259748951	0.793037593164
0.805536577844	0.793040770393
0.845813406736	0.794173268046
0.886090235628	0.796456223853
0.92636706452	0.799894426453
0.966643893412	0.804472424923
1.0069207223	0.810176669676
1.0471975512	0.816988049026
1.08747438009	0.824902905328
1.12775120898	0.833920393449
1.16802803787	0.844017834089
1.20830486677	0.85519006942
1.24858169566	0.867389351861
1.28885852455	0.880626434098
1.32913535344	0.894868472794
1.36941218233	0.910076366525
1.40968901123	0.926250507969
1.44996584012	0.943379559445
1.49024266901	0.961393379164
1.5305194979	0.980263775464
1.57079632679	0.999960014427
