Phi value | Inequality 11 output signalling minimum

1.6493361431346414 1.9999880262017757
1.6875991305822093 1.9999957748737875
1.7258621180297773 1.999925779418076
1.7641251054773455 1.9999693086366412
1.8023880929249134 1.9999812982617642
1.8406510803724814 1.9999960805131327
1.8789140678200493 1.999999422548741
1.9171770552676173 1.9999884679954183
1.9554400427151855 1.9970399234956322
1.9937030301627534 1.9891877395892532
2.0319660176103214 1.9826154263946558
2.0702290050578895 1.9719235417979923
2.1084919925054573 1.9638713392921259
2.1467549799530254 1.954223397120342
2.185017967400593 1.9456113787288398
2.2232809548481614 1.937160347267282
2.261543942295729 1.9292192144615095
2.2998069297432973 1.9218587888700696
2.3380699171908654 1.9130090717418267
2.376332904638433 1.9067788935407433
2.4145958920860013 1.8979728039563295
2.4528588795335695 1.889671846296049
2.4911218669811372 1.8831964180649199
2.5293848544287054 1.875995160327558
2.567647841876273 1.869669858399465
2.6059108293238413 1.8639145600700837
2.644173816771409 1.8591467018255587
2.6824368042189772 1.852866272219204
2.7334541208157344 1.8496057700660502
2.784471437412492 1.8414325474894664
2.835488754009249 1.838098628580602
2.8865060706060066 1.8327627845152903
2.9375233872027637 1.8331593296464614
2.9885407037995213 1.8267458453318977
3.0395580203962784 1.8262365941721341
3.0905753369930355 1.8249621007058976
3.141592653589793 1.8232106209249368
